324

Ἐς17, 7, 12. 10, 4. 15,5.
’1377777777κόπὺ 65, 2.
Ἐςω, 16, 2.

Ἐσχε, 7, 6.

''I-¹5, 44.

Ἐκτερα, 19, 21. .
Επὲροις, 667. 101, 8.
Ἐτερον, 11, 11.

Ἕτερος, 71, 3.

Ετὲρε, 64, 8.

Ἐ71ρ777,52,5. 71, 13 84,.4
Ε71ρ7777, 25, 17.

Ἐτη, 75, 2.

’8777177 21, 7.

Ἐτι, 17,.7 51,14. 68,7.
Ἐ771μος,,8 10. 20,11.
''E5'5655'5‘55, 42, 9.
’117717777,12,13.
7771777, 55'. 71. 7ο, 10. 777.
Ἐ777152, 11.
7771, 77, 5. 77, 15.
Ἐτῶν, 63, 3.

Ε7, 25, 7.

Ε7177177, 94, 3.
274777177724, 10.
17671777, 94, 8.
81377777, 14, 18,

Ε71777μ771777,75, 15.
1171717777, 74,15.
Ε7εργεσ1ᾳ, 33, 6.
Εὐεργέτηρί, 96, 8
Ε717117777, 37, 7.
E6955. 99 7
Ε71171777, 110,1.
Ε71177717, 28, 6.
Ε7171ς, 98,4,
Εὖκαταφρὸνητον, 15, 4.
Ε7λ7χ77, 52, 12.
11177717, 27,.77
Ε777777, 32, 3. 50, 8.
Ε71771ας, 40, 4. 96, 8
8177771777, 71, 5. 71, 6.
18777ρῆ7777, 72, 4.
Ε7πορήσαντες,99, 12.
Ε7777ρ77, 71, 9.
Ειξπορρς, 109,11.
Ε777ρ7177777,4,8 9.
1117717, 20, 16.

· INDEX

Ε7ρή 777, 272.
Εὲρήσετε, ,,68 3
Ευρηται, 29,11.

Ε7ρ1σκε77, 53,12.
Ε1ρ17777, 37, 6.
Ευσεῐῶς,76, 14.

Ε77ρε777ῒς, 15, 5. ’
Ε77ρε771777, 14, 12. 58,15.

1117 ρε71777, 97, 12.
Εὐτεεπῶς, 104, 3
Ε777χ7777, 49, 14. ⁸
Εὐχερῶς, 72, 14.

. ’11φοί777 43, 6.

Ἐφεςή7777717, 54, 5.
Ἐφεςη7717777,53, 17. 54,1.

9266, 46, 7.

Ἐφιλεν, 75, 1.
Ἐφ711777, 73,3.
Ε’φορρ7717, 65, 8.
Ἐφορ777, 83, 6.

Ἐ χα ρ11771, 74, 16.

Ἐχ77,.5,4 8,1. 23,.7 48,4.
Ἐε,,774117,.59,8.14,3.
1Ἐχ77ρ1777717ε,18,19.

Εχεται, 25, 17.

Ἐ Ε,χετε 12, 9. 52, 9.
Ἐχῃ, 15,.8 20,11. 1065.

Εχ1ρ77, 93,15.
Ἐχ1ρ71,18,7. 27,13.

Ἐ χθρόν, 78, 2.

Ἐχ1ρ17,29, 8 70, ll.
Εχ17728, 11.

''pExO' 777, 14, 1. 56, 3.
Ἐχ77,8164,8. 71,12. 74,11.

Ἐχον, 77, 77.

Ἐχ77777,9, 12. 42,17 43, 1.
Ἐχ77777,33, 3. 52,14.
Ἔχοντες, 25, 11. 45, 4. 107, 6.
’Ἐ χ7777ς, 17, 8.

Ἐχ177777,,5 9. 56,12. 65,17.

Ἐχ777, 7, 7. 45, 7 66,1.
Ἐχ7777,45, 1.

Ἐχρῆρ, 6, 6. 19, 4.
Ἐ χρώμεθα, 95,4.
14774711ηὸ11. 10,.5 22,24. · ’

Ἐ 7777, '9,2 9.
’ 1117777177. 717, 64, 4.

· Ἐ1717φ177717,53, 2.

 

