lN 511106111211511. ’ 691

⁸ 211⁸, 56, 2. Ἐκαςα, 94, 12.
EM„ 93, 15. ’1111661639 3.'51, 3.
Εἴκοσιν, 19, 20. 'Euam 16, 7. 51, 13.
Εὶκὸτως, 4, 5. 18, 10. 76, 151 Ἕκαςος, 8, 8. 9, 1. 20, 1. 20, 3.
Ε114107,91, 3. Ἒκίίῗ 81 19, 20. 72, 5.
Εἱλόμην, 29, 20. ’11116696 79, 11.
Εἰ μὲν, 2, l, 3, 2. fandfwr, 39, 1.
1116, 73, 6. · Ἐκατὲρων, 23, 4. 55, 1.
1111111, 6, 8. 11, 5. 16,10. 1616. Ἐκατομξαιώη 63, 6.
nrm, 110, 4. Ἐκῐαλών, 98, 2.
6666719. 96116, 96, 17,
1661, 11, 6. 9616, 191, 1.
Ε11611,8,,13. 35,17. 53, 13, 1311616649, 12.
116696, 19. 4911. 61, 4. 116197. 21. 98,1. 167, 9.
96,, 66, 9. 6666, 99, 9.
- 616696, 1. 66,11. 70, 12. ’1196962616
111165‘, 18, 18. Ἐκεῖναι, 9, 11.
1666, 3ο, 6. 77, 1, 83, 13, Ἐκεῖνο, 29, 7. 69, 4.
Eiram, 56, 9. 68, 5. Ἐκεῖνοι, 71, 16.
1111161661, 100, ll. Ἐκεὶνοις, 25, 8. 387. 77,1.
Εἰπόντες, 13, 9. 7961 Ἐκεῖνον, 9, 7. 16, 7. 15, 15.
1166636, 4. 66, 14. 81, 1? ’16661,,7, 11. 27, 21. 29, 6.
9666614. 1 9661613. 9,1ο. 1616.
Eirdr, 68, l. ’8116116965 13. ν
Εἲρᾏχα,84, 7. Έκε67ῳ, 7,5ι 9, 5· 14, 16, 15, 74
3161616619, 4, 3. ἰΕκεὶνων, 25, 16.
66661611. 65, 6. 6664, 91, 6. 9619. 96, 911.
Εἰρήνης, 28, 1. ’31161661226 12.
Βῖρῆσθαι, 36, 5. ἱΕκλαλεΐ, 108, 9.
3164661611, 8, 10. ⁸1111717511716165'101, 79, 15.
96, 14, 16. 916116, 75, 3.
Εἵσεται, 15, 6, :Emptam 101, 6.
Εἶσεφὲρετε, 54, 10. Εκφεμψηπ, 18, 22. 27,12.
3161, 67, 2. Ἐκπεφευγέναι, 61, 10.
191611, 29, 6. Ἐκπλεῒν, 94, 5.
11666666, 19. 61,1ο. 691. ’1914911969Ἇᾶ
Εἰσφὲροντας, 42, 13. 93, 5. ’81161116μῶ66 65, 9. 93, 9.
, Εξσφὲρογτες, 51, 8, ἰΕκραῖΕῖΤΕ, 6, 3.
312², 14, 9, 97, 3, Εκτησάμεθα, 78, 1.
31611, 22, 5. 26, 20. 33,4. 56,2. Ἐκτήσαντο, 76, 15,
5111,101,10.101,12. ’9664916616 ·
Εἴτις, 14, 3. 76, 8. Ἐλαίτης, 53, 18.
21 ε, 76, 16. 79, 7. ’111er 1616. 16, 14. 79, 1.
E 61, 5, 6. Ἐλάττων, 95,11. 109, 7. ’
Ε,χετ’, 94, 8. Ἐλέγχειν, 36, 4,.-
Ειχομεν, 6, 12. ἶΕλεγχον, 14, 5.
8191969611, 3, l. 5110111, 71 , 8. 87, 2.

’96, 1, 6. 5, 1. 5, 9. 191661663.8

 

