1Ν 08110871111Ν3Μ.

1177,4,7. 6,4. - 0777, 46, 4.
1111114,4.7012113,10. 01777,47,.5

077777, 68,10.
2, ο1,, 44, 7,,
orn, 40, 3.
177777, 16 6 ο1....’,,7ο, 75.
Ξ7717167, 17. 23. 01 χ,7771 18, ,10.
71777, 18, 4. 45, 0. 83, 15. 07777777, 51, 0.
717117, 105, 7. 07177147, 6. 101, 0.
Εένες, 15,16.17,3. ’ολῃῦ 21, 1.
7677771271 20. Ὀλιγα, 103, 6.
’ολ1γ77, 71, 8. .
ο, ’ολ1γ777, 103, 6.
”0.4, 77. 0111171111, ¹1⁰.¹'⁸ .
⁸ ’,0 7, 5. . Ὀλο7, 50, 2.
0667, 67, 11. Ὀλ176777, 65, 3.
;067’71 78, 8. ’ολ7761777,41,0,4,3 5. 02,2.
06, 04, 3. 05, 10. ‘ 01771177, 37, 7. 43, 4. 02, 1.
’01,3,1,. Ὀλ7761177,38,4. 95,10. 10710
01,10,1. ολ77677,14,16.07,.3 101,11.
017171. Ὀλινν, 56, ,11. 01, 7.
411444. , , 471537, 16. 434 437
016, 23, 7. Ὁμοίως, 71, 9, 77 3 ·
01117183 20,.6 30,.3 60,.4 ’0717747, 33,1. 02, 8. ,
01717, 10. 45, 74. 75 4 477747, 44, 11.
017777, 26, 22. 44, 5. 107,3. ’07767771 7, 74, 2.
0774777168. 6, 11. 20,.,4401. 07771306 70 20 06 2.
0171767128,5.Ὀ7. 18, 22.
Ο17ιε177,101,12.108,1.108,.6 075117,35,16.48,10.12,15.
01717177, 14,14. 42,18. 77,11. 077177717720, 1.
0177177, 74, 14. 0777141777, 47, 6.
07717777, 7, 2. '0er 01, ll
017717711814, 10, 6. 'Ovum 47, 0
0717514144. 4141745. 45,4. 7444.
0Mffl5575519580- 7077771, 38, 1ο
0171177,.,43,8768;0771757,16,.361,1.
0171177, 41, 3. 70, 2. Ὀντος, 15, 9. 100, 1.
07776777171777,76,.2 ’077171 7, 3. 53, 13. 77,7
0176017077, 70, 3. ’0 00177741 70, 2.
017111, 27,.5 67, 6. 81μο ”0777, 36, 6. 008.
0117171144, 1. ’071773 1.
017171, 11, 3. 14,2. 14, 13. Ὀτλ1777,25, 12.
7771717417. ’4771 74, 15. 477 47, 74 477
016 71, 05, 6. ’07711800 110,.2
017,108,6. '0on 76, 9.
0177, 6, 1. 077777, 76, 1.
0177, 10, 4. 46, 6. ’0771 83 ,,11.

 

