ΙΝ DEMOSTHENEM. 339

Τ1λ1111,81, 11.
Τ, Τελευταῖα, 15, 2. 22, 23. 38, 7.
Τελευταῖον, 96, 17.
’1.,., 1,1. 1,.1 111111111171311.
Τᾴγζ 78, 6. Ίελευτῇς, 61, l.
’11111616 106,4. Τελευτῆσαι, 99, 6.
Τσίγε, 13, 10, 69, 6, Timum, 23, 11.
Τ11161,1.7, Τεταραγμέ111ς, 12, 7. 43, 7
Τ11111111111ρ6111,45,1,Τὲταρ111,62,10.
Τ611111,19,18,19,19,20,4 Τετταρᾰκοντα, 19, 19. 63,.2
61141611, 62, 3. Τέως, 65,11.
ΤᾶλλαΙ3,2.,.,.2269412 T6‚‚.,6264.
Ταμ1111,22,9.Τ61.111116111,17, 13. ’
11111111, 91, 13. Τ1λ1116111,68, 16. 78, 2. 95,.8
Τᾶν, 78,.5 , Τήμερον, 13, 9. 25, 13. ·
Τ1116ρ,1ς 46, 9, Τὴν, 7, 6.
Τ11ξ11,69, 15. 83,5. Τ6νάλλ111,73,5.
Τάξεως, 84, 5. Τ1111ι116111, 53, 3. 67, 11.
Τ11ξ111ρχες, 18, 20. 193. 19,5. 6665, ll· 6,9.
Τάξ11, 83, 8. 83, 11. Τ1,5,2. 17, 17.
Ταπε1111,17,20. Τ16116σε61111,80,6.
Τα11111116ρῳ, 95, 3. Τ1μᾷν, 53, 5
Ταραίττει, 104, 8. Τ111611,84, 4.
Τ1111116111611,6, 5. Τ1μῆς79, 12.
Τ166, 20, 11. Τ1μ16ἑ11, 43, 4.
Τ116τ’, 167. 22, 3. - Τ1μωρνῇσ1116111,26,16. 59,2.
11116, 1,.13 7,’.11 1,1.1 141 9111111111 9..4
1116111, 58, 1. Τ1μ11ρησετα1, 60, 9.
Τ1111111ς,44, 13. Τ1111,15,13.
Τ1111111,14,10.14,13.16,1.Τ9511.13.1
Τ1611,19,17. 11111, 70.15.
Τ11111611, 7, 6, Τ111, 13 ..7 26, 11.
Τ16111,14,18. ”1116ς,2, 1. 5,13. 16, 17.
Ταυτό, 71, 7. Τ11111, 105, 2.
Ταχε1αις,19, 19.
Ταχ1111,17,7.
Ta χ11161, 17, 9.
Ταχέως, 11, 11.
Τάχιςα,13, 2. 41, 11. 1 1 ·
Τα’χ1ςην,90,7. Τ1116111,24,11.
Τ1χ6,13,8. 79, 1.91,14.11111611,1,32,3.
.1.,1,.1 11,.1 11111111. 111.
Τ16111111111,68,1(1. 11111111, 74, 7.
1111111149. Τ11γαρ 111, 23, 17. .
Τ1611611,63,10. Τοίνυν, 7, 5. 14, 2. 14, 7
Τ6611,111,11,9. 6111611175, 19.
Τ11χὶζε11, 23,21. 105, 1. Τ1116111ς, 72,5 .
Τ11χ11, 62, 11. 1116111, 6, 1. 47, 3.

 

