340 . INDEX

Τοι616ς,27, 14.
Τοιούτων, 12,16.

Τοῖς, 4, 10. 5, 8. 6, 4.
Τοκατ6οχας, 37, 7. 97,8.
Τ6κοις,99, 12.

Τολμᾷ, 28, 12.
Τολμῆοετε, 1076
Τολμοῖν. 79, 8

Τ6οιον, 7, 2. 21, 2.
Τόπῳ, 21, 14

Τ66ι6ν, 34, 4.

Τοσαῦ6, 23, 4.
Ἰοσαῦτ6, 19, 21. 76,.3
. Τοσαύτη6, 17, 15. 23,6.
Τοσὲτον, 12,2. 134. 23, 6.

Τοούτῳ, 35, 4. 35, 6. 79, 5.
Τ6τ, 4, l.

’1“6τε, 6, 2.

Τοο, 4, 6. 5, 2. ,
Το63, 16, 9.

Τελάχις6ν, 17, 5.
Τεαντιον50, 16. 79, 13.
Το6ς, 17, 3.

Το66, 20, 13.

Τοοτ1,62, 11. 94, 5.
Τέοο,5, 1. 5, 2. 6, 12.

Τ6το1ς,8,3.14,11.16,13.
Τέτον, 7, 2

Τούτο6, 6, 5.

Τούτους, 69, 1.

Το6·ι’ῳ, 16, 3.

Τννι6ν, 16, 15.

Τρέφει6, 17, 23.
Τρὲ6η66ι, 91, 6. .
Τριοὶκοντ6, 26, 3. 108, 13.
Τ’,ριοικοοιοι 55, 2.
Τριηραβχε1ν, 55, 9
Τριηρα ρχες, 23, 18.
ριηρεις, 14 8. 14, 12.,λ7 8.
Τριὴρεοι, 101, 7·

Τριήβη, 22, 24.

Τριήριον, 17, 9.

Τρ1ς, 28, 9.

Τρ1τον, 62, 10.

Τρὸποια, 75,.7
Τρ6πον,12,15.17,6.60..9
Τρᾶοιυ, 65, 10.

Τρ6νῳ,17,18.474,1

Τροφιῖ, 17,-11. 17, 20. 19, 16.
Τροφην,16,4. 166.

Τροφης, 105, 7.

Τνγχ6νειν,4, 5.

Τυραννίδος, 55,7.

. Τοραννικῆν, 43, 8.

Τορονν1ς, 92, 8.

Τυράννων, 4’9, 9.

Tv'm, 50, 2.

Ίοχῃ, 28, 1. 41, 2. 71, 4. 91,4.
Τύχην, 50, 4.

Τ6χης, 12,.4 27,.9 34,5.
Τ6χιοοι, 51, 7.

·Τι6ν,,.316,.25,3.5,12.

Τ.

ζὙΒρει, 6, 4.

Tcpsw5,24,10.

'Icpt'xffi 29, 9.
· 55,1221,69‚12.
⁸1C515, 109, 6.

Ϊξριςῆς, 105, 12.
Υμᾶς, 12, 16. 15, 5.
“Υμεῖς,,5 11. 6,.1 11,11. 145.

Ι’1”με’τερ’,9,2.

’Υμὲτερ6, 51, 8. 51, 13. 53, 15.
Ὗμετὲραν, 9, 12. 24, 6.
’Τμξτὲρας, 89, 4.

’Ύμὲτεροη 106, 6.

‘Tmers'pe5, 22, 21.

⁸552&pr 22, 15. 51, 10. 80, 3.

m„ 15, ιο. 19, 1 5,.15 ι,ι.
6,....ιινοι3 134

’Τοοίοξοιῃ 12, 4. 22, 2.

25070758, 11. 53, 9 60,.8

’Τοιοορχει, 5, 2. 7,13. 21, 11. 631]
Ὑπέρην, 12,.13 14,13. 20,6.
’Υποιρχόντιον, 34, 2. 49, 8. 99 3
’Υπᾰρχνοαν, 108,1.

ζτπαρχέσης, 6, 9.

Υποίρχων, 83, 1.
’Τπεμε1νοτι,5, 11.

ὀπὲρ,5,12.9.2. 11,.413,9
‘Tmpssp, 24, 16.

’Τπερξῆοετοῖῃ 24, 17.
’Τπερῖολὴη 76, 5.
’26ερεκξινληγμὲνος, 36, 7.

 

