338 INDEX

Στρατεοομξνες, 17,1. 17, 6. Σομφέροο, 93, 11.
mammam, 67, 5. Σομφέρον, 25, 23. 39, 4.
&paramo-92, 56, 6. Συμῳὲροντος, 89, 7.
Στρατηγεῒσθξ, 25, 22. Σομφορᾶς, 40, 6.
Στρατηγόν, 16, 3. 25, 6. 27,10.“ Σοοαγωνίζεοοιο, 27, 10.
Στρατηγός, 18, 10. 27, 20. 55,1. Σοοαμφότερον, 43, 6.
Στρατηγε,18,13. 22,11. 28,15. aramme, 95> l2·
Στρατηγομένων, 18, 15. 28, 5. turannos-0933, 27, 8.
Στρατηγες, 18, 20. 53, 12. Συνᾶρασθαο, 106, 7.
Στρατηγῶν, 28, 9. 53, 13. Σονὲξη, 96, 15.
Στραοοωτοοις, 101, 8. Σονεξὲλεοον, 4, 7.
Στρατιοξτας, 16, 15. 18, 14. Σονεοσέαλὲσον, 108, 5.
Στρατοωτης, 20, 1. 83, 1. iurandm, 8, 12.
Στρατιωτικοὶ, 67, 6. 102, 6. Συνεχεῖ, 21, 11.
Στρατοωτιξές, 71 , 13. Συνεχῶς, 15,14. 45, 1.
Στρατοωτων,18,13. 26,24. 54,1. Σονηγοογον, 75, 4.
Στρατοκλῆς, 94, 4. Σοοοδὸντοος, 109, 9.

’ Στρατοπὲδῳ, 108,14. Σοοιέναο, 62, 1.

Στρὲμμα, 49, 7. Σόνοοδοι, 61, 9.

Συγγνώμης, 4, 5. , tumim, 29, 20. 30, 6. 30, 8.

Συγκαταοκεοάοαντες, 70, 14. Συνοῒσον, 30, 3. ·

Συγκεοξροτημὲνοο, 46, 2.- Συνὸντας, 4873.

¹ Σῠγζιροψοοο, 48, 9. Σύνταξον, 82, 5. 103, 1.,
Σϋζῃ, 99, 1. Σοσκοοίσοοο, 48, 9.

Συλλαξών, 22, 22. . Συςῆ, 40, 4.

Συλοῦοον, 54, 2. , Συςροιτεόεσθαο, 18, 2.

Συμέαἱρεο, 4, 4. 36, 4. 74, 7. Σφαλερο1, 93, 12.

κ Σομῑρινοντο, 25, 9. Σφόδρα. 37, 3. οι, ι. 76, ο.

Συμῖῃ, 44, 9. 49, 6. Σχε161,52, 7. 66, 10. 84, 7.

Σνμίελεύεον, 89, 2. Σχήσει, 99, 3.

Σϋμξεξλεῢσοοο, 61, 6. Σχήσεον, 95, 6.

Σῑζμέελε, 100, 8. Σχολοὶζεον, 83, 14.

Συμμαχα, 8, 2. Σώζεον, 101, 5.

Συμμαχεῖν, 8, 3. Σωθεὶς, 64, 6.

Συμμαχὶοον, 96, 6. Σώμασον, 49, 4.

Σομμαχοκοὶ, 42, 17. mm, 70, 10.

Σομμαχοι, 27,14. 93, 13. Σῶορ, 96, 11.

Συμμᾶχος,18, 6. 60, 7. 77, 13. Σώσωμεν, 60, 7.

Συμμάχων, 7, 8. 20, 9. 22, 16. Σωτηρὶαν, 73, 8.

Συμμοριοος, 54, 11. impias, 90, 3. 94, 8.

Συμπαροοθεῖτε, 25, 22. ‘ Σώφρονος, 76, 6.

Σομπλοοκῇ, 49, 11. Σώφρονος, 49, 15.

Συμπλεῖν, 17, 21. Σωφρόοιον, 72, 12.

Συμπλὲωο, 20, 10. Σώφροοο, 109, 8.

Συμποοεῖν, 40, 6. 55, 11. Σώφρων, 46, 10.

Σομφέρεο, 30, 2. 67, 12. 93, 11.

Σομφέρεον, 36, 5. 84, 8. 101, 3.

Συμφέρῃ, 40, 5.

 

