lN DEMOSTHENEM.

“³25

’11177777μὲ77 41, 13. 105,1. memma, 51, 6.

Εἰόμενοι, 45, 3. .
Ἠι17777,37, 5.

Ἠ, 11,2.
Ἠι1ει, 26,1. 28,8. 37, 1. 64,8.

Ἐως,,.3149,4.,.,.499566 ’,Ηιιιςα32μ3

Ζ.

277777, 77, 77. 777 7
27771777, 68,14.
. 277777θῆ777, 109, 2.

Ζημιωθῆσεσθαι, 109, 5.
2717, 44, 11.

2177717, 66, 7.
27,77177,67,12.70,.5
277τὴ777777, 70, 15.
277777772211. 100,1.

Ἠἶελ6μεθ17 100, 2.
'Hyayov, 83, 8.

’H γγὲλθη, 63,.9

Ἠγεῖσθαι, 112 25, 6. 25,.8

. Ἠγγεῖσθε, 19,13.

Ἠγε17471, 13, 8.

7777777, ιο, 7. 777.
Ἠγειτο, 18,1.

Ἠγεμώι,55, 1.

Ἠγ177777, 44, 2.

Ηγῆ m, 27, 211.

Ἠγ77,4, 1.

Ἠγέμαι,4,4. 12,16. 34,10.
Ἠγὸμην, 37, 3.

Ἠ1ε, 94, 2.

Η1ἐα,24, 14. 71,4.

Ἠ11777, 71, 10.

777, 7, 77. 77 7ο 777. 77 77
Ἠ1777μ1777,56, 1.

’111777, 30, 4. 105,10.
Ἠ177717,24,18. 100,1.

Ἠ 11177ἥς, 74, 6.

1117171717, 22, 25.

Ἠθει, 76, 7

Η9Ε11Ε,20,7 ,

Ἠκομεν, 94, 3.

'Hauon 46, 3. 105, 2.

Ἠλθε, 63, 10.

‘HQ 108, 10.
Ἠλ1κ 7, 5, 8.
Ἠλικ1ᾳ,
Ἠλικ1α7,83, 11.
“Ηλικῖας,16, 17. 83,.4
Ἠλ1ιιος, 95, 8.

8,.12109,13.

Ἧλτιξε, 104, 7

’ Ἠλπ17717777, 29, 10.Ι
Ἦμὶς, 107. 298. 38,.6 65,.9
Ἠ,ιεῒς,6,.12 87. 12,5. 2015

Ἠμὲλῃται,23, 15.

’Hyan 34, 4.

Ἡμέραν, 47,1.
’17ιὲ77777 77. 777, 77.
77ιὲ7777. 77 7. 777.

Ἠμετερα7, 12,.3 37,7 38,.5

Ἠμετέριις, 42,9. 50,.4 96,.4
Ἡμῖν, 12,.4 17,9 17,1.6 98,8.
Ἠμ17777, 14,11.

Ἠμῶν, 12,5. 29,11. 70,7.

Ἠ7,,.56
⁴}„Hr65 ,
Ἠ7,,.613

Ἠ71ησε7, 41,1.·
Hm, 21, 7.

Ἠ71771,39,.3 91, 3. 94, 11.

Ἠνπερ, 94, 8.

Ἠ776χλει, 64, 5.

Ἠ HQ 109, 5.
Ἠ Η,ξιντα 99, 8.
Ἔαρ, 12, 4.

ζΗρα177,62, 11.
Ἧρεσκε, 3, 2.
’11,ρε77 27, 2.

prpae'm, 44, 11.

’7,7, 77 7 ’

Ἠρξαν, 75, 2.
Ἠς, 6 3

Ἠ7777,75,10.76, 6.

Ἠ7111ησε, 98, 3.

Ἠσκὴκιιμεν, 78,2.

 

