ιΝ 3400366030. 344

Μ’ρηφᾰνος, 10, 3. malem, 24, 20.
2441444444, 17,19. 4441497, 11.
Τηκεε, 75, 4. Φέρειν, 40, 6. 47, 2. 72, 15.
’Τηργμὲνωῃ 96, 1. 01444422, 16.
6744414470, 16. οε41γε4ν, 53, 11.
Ὗπῆρξε, 43, 4. οε1 γοντας, 70, 21.
Τπῆρχ ε, 7, 4. 44, 4. Φευγόντων, 70, 18.
44,, ,χ.,, 35,.3 4,,4, 4, 43. 44 3 43 4
Ὗπι1χ4444946,70,10. 041444,27,17.100,5.
’,1πό 3,2. 0644, 82, 4.
Τιόδεξαμὲγυς, 92, 76, ΦησΕΙε, 36, 2. 104, 2.
ι2444614444, 41. 0314444444, 70, 16.
6244646444, 60, 10. 004431, 9, 7
’14414444 5,9,7. 0644646444, 75, 9.
62147444μέ344), 89, 4. 62, 7 90444, 8, 2·
'Romamn 93, 8. 001414, 38, ,4.
’,τπόλωπω 65,12 0114444644, 6, 8. 11, 12. 25, 20.
’24444ιὶ444, 101, 11. 94644444443, 7, 5. 11, 9. 21, 6.
‘fimi-retr, 62, 2. 04034443, 26, 18. 364, 7. 65, 3.
Τ14μ4ἦ4α4,62,8. 45115555, 18,19. 20,18. 26,16
’2444464144νοῦ 30, 1. 04λ444446γμ4441444, 26 5 98,11.
’Τποςεὶλασθαη 101, 2. 00444414, 46, 7.
0444χὲ4044, 27, 17. 38, 8. 04444444Ᾰᾶ4, 35, 2. 46, 9.
’Τιόξχεσ,,, 14, 4 041λοτιμ1ας, 44, 12.
155595, 100, 10, 01λ444,50,10.
6134416444, 23, 8. 25, 1. 0084, 18, 6,
Υςεριεμεν, 21, 10. wespa), 109, 15.
’734444561169,15.99,13.246044ηὸ 15. 374. 49,14.
Ὗφ, 19, 11. 0466644444, 68,.8
· 066444,15,5.65,10.
φ· , 404651654416,
0444414446, 78,3 97, 4.
(baimam, 34, 4. 36, 7. 9440443,16,7.17,12
04144444, 42, 8. 650526,1o15,2.
041444441614. mmm, 80, 8 80, 10.
0414443, 35, 16. 00446444, 48, 7.
0441444446, 91, 5. 91444044, 61,
0444444, 32, 3. *eorr1ffstv,6,’ 5.
0444414, 87, 3. Φροντὶξιτε, 90, 3.
§arrjcsr'mz 18. 014444144496, 19.
444643, 53, 44. 444444, 433, 43.
044110,4.105,12. · 0406441064.
14414, 15, 1. 9444114421, 6.
0414444644,38, 1.. 04λ41ξ4444,52,15.
Φαιῖλα, 29,16. 52, 10. 80, 8. Φυλάρχῖς, 18, 21. 19, 3.
0440444, 36, 6, 0014144444, 52, 14. 108,.6
mmm, 11. 04λ4444441444ς6,5,15.
04314444, 4, 11. 54, 4. 54, 9. 04λῆ1, 23, 12.

 

