1Ν 081106ΤΗΕΝΕΜ. 336

117717777,11,12.108,1.11731794,17,14.17,21.22,20.
1177117η797,91,16.11731771977,92,8.
flmmeum 1171737173, 28, 19. 74, 1. 76, 6.
1717777797,101,6. 11111,414414,57,11.
1111443447, 83, 13. 1173776767. 79, 13.

noum, 48 9 17377777μὸ77, 78, 16.

11771977, 66, 9 70,4. 117117777747777, 79, 9
1177477499, 23,19. Π73173, 73 8

nmina, 84, 2. 11733, 77, 4.

1177117794, 42, 14. 117336, 7,.2 21, 6. 29,.1 61, 6.
1177117744, 22, 13. 60, 9. 61, 1. Hom'mww 16..9 61, 6.
naim, 164 11147749 19. 1191 11141. ’
nudum, 3 3 393197 nmis, 614

111741, 13. 93. 33,19. 17111143, 7.

11776777, 48,.3 67,9. Π411713, 49, 10. 67,1.
Ποιῶμαι, 62, 2. 1173371, 23, 12.

Πωῶν 39 6 Πθλλῷ,3(1,4. 50,1·11 91,15
Π6377,6,11.8,10. 32,3. 60,.2 Π733777321ἱ,4310. 6212.
1163477,28,21.73,2. 101, 6. 1171820, 20. 60,.6 96, 3.
1177177791, 22, 16. · 117367, 29, 9.

1173477417, 7, 6. 21, 9. 29, 12 Π7313, 0,10
11737474174,26,16. 62, 2. 117337777317, 23.
117349679747, 70, 9. 11777763, 18, 23.
11737711747,16,16. 1177417,7,14. a
11734μή7473 389 Π7777197, 40,.8 .
Π737997π4,21,3. 107,11. 1117173311, 12.

Π7347797777777, 32, 4. 117741417691, 73, 2.

Πολεμηη, 20, 19. Π771797, 16, 6.
1117411114,93,13. 1177177779ς,18,13.
111347717,103,1.Ι Π771797747,16,13.
1113147714,44,3. Π7717976777,17,16. .
1163417496 13 13,14.18,8. Π771 74, 22, 4.

Π6λεμος, 27, 4. 719, 11. 63, 15. Π9111331134713, 11·
11,1.·,,,7,14.17,13.97,.3 91747179, 10.
Π734μ6μ7,18,19.1177176777,46,3.

Πολεμὲπαι, 76, 11. 11777490, 19.

11736μες,53,12. Π777,23,1.9 102,.4.102,9.
1173477677,61,2. 1177713131. 71,13. 103,.8
Πολεμὲσιν, 92 3 1167777, 22, 14.

11713493, 22,ss 2⁵„ss 11777,19,14.109,3.
Π7347776777, 49, 9. Πὸη, 13, 12. 16,.6

11634777, 34, 3. 43, 9 Π6777, 62,.2
-11634777,,.,.,.611161188 1105,5,.9-
111717,17,93.63,8.68,11.11174,16,.991,’17.93137ο,6.
11737777761147996,1. 11774,,2716.61,4. 61,.4 1046.
Π737777177717777,102, 1. Π677777,107,8
1163777767,62,11.[177169799411.

1161138971177341447, 1. 2310. 38,4.

 

