¹ 334 1Ν111111

1199991999, 96, 6.
Πὲφυκε, 52, 14.

11199999, 79, 9.· ¹
11991999, 19, 2.

1199999999, 19,1.
Πὲμψωσιν, 80,2.
namnam, 77,12.
119999999199,16,16.
111999, 63, 3. ’639.. 75,1.
’1199τή κοντα, 14, 8. 17, 4.
Π999ῤ699199999,39, 1.
1199979699, 30,” 9.
1139999999, 69, 5. 61, 9.
Πεῐεισμένοις, 54, 8..
1199999999, 29, 21..
[199999199999912 14.
Umerus.. 9,.5
Πε999ηκε, 35, 4

1199919 m, 7, 9.
1199999969999, 81, 2.
Πηολιτευμὲνοις, 35, 11.
Πεπολιτευμὲνων, 110, 1.
1199999999, 28, 20.
Πε996969999, 93, 16.
nutarem. 94, 2.
1199999399, 96. 6.
1199999999, 36,1,.

“ ’Πετραγ 969996, 29,3. 41, 7.
Πυραγ919999,28,24. 110,3.
1199999999, 53, 8. ’,65 11·
Πεπρᾶχθαι, 35, 2.
11ε9919999,42,16.
Περ9996, 19, 15.

.Περ1,1,.,.,143211
11999999919969, 13,14.
Περ9γ1γ999699,68, 4.

‹1125474942444 50, 15.
119999ρχ69 sna. ,,28 22,
neptim, 56,,.3 101,15.
11991999, 64, 7.
1199ιῆ999, 51, 3.

Πε puppup 9999, 79,15

’Περιῖὸνῖεὺ 11, 5. 28,17.
Περικλέα, 74, 3.
Περ969199ς, 81, 8.
Περ999199,76, 19.
1199996999, 66, 14.
ΠερΙῑῇ, 119, 2.

[199996 99999, 66, 8. ·

’ 11999999χ1ζ9999,10,.7

Πεφε9άκ9969,38, 19.

1199699999, 74,7.

Πικρόν, 198,

,,Πικρῶς,5,.37

1199969999, 39, -.12

Has-495, 76, 13.
mamm. 19, 2. 28, 21.
1116917,Ιο .

111979, 15, 9. 19,.8 '
Πλ91999, 35, 3. 35, 7.
Πλείονος, 26, 11.

Iudas, 15, 7· 16, 29 50, ⁷·

.· 11445414, 25, 11.
· . Πλεῖςοι, 3, 1.

Πλέ1ω,61, 9⁰. 752 3· 77, 99·
11λὲ99, 22, 12. 109, 2.
Πλεο9εκτῆ999, 51, 6.

, 14424442945, 40, 7.

[1999999199. · ·
111ἑ9999ς, 22, 17.
1191999999 999, 97.-
Πλευςὲον, 14, 10.
1199991925, 16.
1119γῆ9, 25, 17.
Πλῆθος, 6, 9.

Uknu 18, 22.

, 1191919991. 12,.6 70,19.

111979, 14, ..12 22, 22. 54, 2.

, 1199199414
. [1199999791.
'999999Wh 21949

11999991999,21, 17.

. 11999799,19,15.

116699,13,13.16,.6 17,11.
1197,27,1.

9999, 99, 12' 999 93, 14. ‘448-
1199979999, ,42,2. 61, 1.

. , 119997999,100,11.
“ 1199979916, 12. 71, 3.

nocivas. 55, 6. 68, 8. 107, 5.

’ 1199919999, 15, 3.

nomiman, 8, 2.
11999999999,16,13.

. nomm, 83,12.

119699,16,16.

, 119ιή999, 9,1, 66, 5.

 

