332 “ ι11011211 5

’05151,12,.810,,017,9.34,1. 00005503. “·
’ρί1ἅ,,.760 0014,,05,25,..1320,10

Ορᾳν, 28, 7 004, 8, 4. .

'Opim 9, 14. 64,4. 74, 10. 005511, 44, 8. - ”
Ὀργτ,,100,11.00501,46,17.38,5. 60,1.
Ὀργ1ξ55511,140,14. 00555781.

Ὀρεγὸμινος, 46, 11. 0051, 30, 0.

051101, 6, 11. 10, 13, 40, 6. 00519, 403. . ·
Ὀρμήσ151155,10,4. (10551555, 13,1.

Ορχεισ 511 47, 5. ’ 0051, 6,1. 410, 10,

10591, 35,13. 50,8. 50,.3 005111.01565,.4

105511, 20, 15. 40, 14. ·,101 1411059515, 3 7212.

05515, 29 2 . , 5115, 15, 22. 55, 5 75, 2744.
Ορο51,8,.4 (10555141,1.44,10. 04, 0. ’
¹0„ 152 51551512. 11, 1. 29,1. ,

e ’0515543μο 24, 15. 44, 40. Οὕτως, 5, 5. 40, 11. 54, 8.
10551555, 0, 0. 0051151, 07, 0.

10551, 23, 7. 1 0οχ, 10, 4. ·
’5555 77. 5. 55 χ131, 9. 35, 2. 35, 19.
ὀ... 152 551. 112 555155, 35, 55. 35 5
1051100311. “Ὀφλισ15019111,108,0.
’5551512955 193 5 οχ155 23 5

109ῳ,24,2 352 704

10511111, 28 3 40 3 40 7
1055251011·
Ὀτ1,15,3.,.,510612 2010

55... 555. 5515· Π55,..5,55,11..
“Ο1’101,40,11. 551115259151. 97,11.
00, 5, 0. , 11510511, 26, 13. 44, 0. 08, 4.

· 00,,010.1 1155θῆ, 11, 11. ’
001’,123, 14. 110051, τε, 64, 10. 00, 8.
0005593111, 46, 4. · , 1111001, 12, 4. ·
055⁴, (19, 0, 0. 5515511155
0001,7,0. 12, 1. 12,0. 25124, 1151551105, 8.
0015154311. 38, 10. 70, 18. 1155199511, 08, 5.

00155101, 100, 7. Ι “ [10055004. 60,12.ν96,0.
, 00119, 4, 7. 5, 3. 5, 10. 0,15. 110111, 9, 4. 44,1. 30, 6.. 43,0
05155, 29, 5. 55, 1. ndu, 62, 5. ⁸ .

001591, 102, 5. · · ' [1010151005 23, 1.
00105105,25,14.47,3. 695577557 115110’,0,0.0,1.11,15.·
00101519, 40, 4. ·* Πανέργοι, 01, 2.

000511115327, 6. 80, 7. 11111151, 15, 0. 20, 22. 40, 1.
0061, 65, 5. ¹ 1101551,0,10.7,.4 7,.10 0,11.
0015014. 17, 16.·43,7. 055505551546, 14. 33, 0.
(19111έο, 71, 0. 11055515, 16, 15. 23, 8. 40, 7.
0015151, 26, 2. Πανταχῆ, 10, 6.
(1011151,14,1.64,1. 71,4. Πανταχῧ, 13,.9 01, 13. ·
1111111111, 82. 0· ' · 1111955λῶ510,3.17,20, ’

 

